380
39.7077933961894 63.68481824785266
39.69533545160675 64.67690984526062
39.91829863790079 65.6517734599223
40.30045780131436 66.57462175211526
40.80583761453412 67.4241104202315
41.44022977963544 68.21322254883943
42.160133766418454 68.88306895690918
42.99805688714264 69.45262429470174
43.89864197170396 69.8723316989634
44.854776864164705 70.14078353674341
45.852048295369514 70.25562858146516
46.86268720166016 70.23996442749024
47.84131428606093 70.11592471798461
48.810755209994205 69.86879032797604
49.72900100303363 69.49426263147251
50.59302204280515 68.9788642112228
51.35608429210664 68.33947603932572
52.01039560379349 67.58034781963805
52.53573491723347 66.72987216526747
52.92935472995758 65.81397858666611
53.198832873168655 64.84810333417998
53.35112875678347 63.86209268468944
53.400192979152806 62.85516330414457
53.35739336497383 61.85647854873551
53.2374759880625 60.879014792555274
53.04645513671398 59.895725326694965
52.8299455975424 58.90836336899972
52.617390773940194 57.9273948508924
52.40825685671947 56.9622142664897
52.19589242518868 55.98212443287893
51.98255852333311 54.99756036597753
51.77224003125001 54.02691281250001
51.561596258909425 53.05476404777389
51.34924591136273 52.07473921360543
51.13752319588529 51.097610984136274
50.92326857155815 50.10879766171002
50.71312290992157 49.138947743516155
50.50319473828125 48.17010157031251
50.28895640259644 47.181363422116824
50.07669174153659 46.20173404237566
49.867258645736 45.235172709405774
49.655673678043144 44.25868020411273
49.44249753747221 43.27484422632721
49.23119000088163 42.29963210212677
49.01941792665771 41.322276075538866
48.807719588566066 40.34526035091723
48.596633260372315 39.371069132615574
48.383831874803555 38.388962698544496
48.17277320238697 37.41489911529851
47.95841313451436 36.42559915701614
47.7470900709955 35.45031537399575
47.536705807453906 34.479364276571005
47.325407174823006 33.504193245317694
47.11168347094219 32.51783019070768
46.89944843901312 31.538337553309134
46.690036153710366 30.571872263528828
46.4758250949059 29.583260001730125
46.26425406176004 28.606831806207545
46.054186714380776 27.637343318630194
45.8427154092731 26.66137538114448
45.631172520111676 25.685077073818448
45.41692546357373 24.696298677736493
45.207831101058105 23.73130064350973
44.997974108692425 22.744442329504828
44.8268504946689 21.76727224257189
44.70264013395563 20.777667748774725
44.63376962365278 19.774860566622532
44.63009681979371 18.782704535186767
44.701415980411504 17.779374982258698
44.856142025918516 16.79251035648569
45.09873978432131 15.824147710452555
45.41938587513351 14.8755846804039
45.8319071780682 13.955602321609947
46.33877801080084 13.106706540210247
46.95240466630213 12.317892954328794
47.67115669690785 11.614135002595194
48.47987533189415 11.038263473153888
49.39739307516662 10.638420824273844
50.39031405574417 10.603808009433747
51.056393041366576 11.294396610720634
51.33766733139991 12.253428146413922
51.44432847776794 13.23216099117565
51.4226509116199 14.240387386546836
51.29446867138863 15.240810444985986
51.08089393457102 16.218078655330046
50.79785712280795 17.17010357585666
50.45136792894769 18.11190240384574
50.05641406672809 19.02600677468035
49.6130849156952 19.92898423163509
49.13223275999451 20.801949726200103
48.555501701836825 21.613153717703522
47.90068873120352 22.37194229123617
47.2104916419697 23.086492871639564
46.49151300053066 23.78179331590545
45.758338648403 24.462760655716153
45.01919252693787 25.13506730742457
44.277661483008416 25.805236031505935
43.53406304227812 26.480718061572638
42.79632242258941 27.160872078781054
42.07134621696472 27.844940555072785
41.355295585164555 28.541757049978326
40.6535157613824 29.251287710999087
39.9709150816195 29.973439985821663
39.2934061451416 30.72939250619507
38.65383113084515 31.487958306893162
38.037925990136294 32.27058842437776
37.45047006406733 33.07806037193798
36.89624269369054 33.911151662862956
36.380023220058206 34.77063981044181
35.90659098422262 35.657302327963656
35.48645194138954 36.5586503811471
35.117107564103875 37.4879020618462
34.807268533098245 38.43171131953606
34.55558951050418 39.404057257059904
34.36875910481044 40.39070796217948
34.24949472016089 41.375688166226446
34.20154363306389 42.38404862947324
34.236400764412316 43.385091099240924
34.353724228084566 44.374119346782685
34.555780451951506 45.359927225188734
34.836472617919924 46.3143038395996
35.196536356537436 47.246018841465386
35.62863644594073 48.140332730879734
36.135033088289596 49.004925920554285
36.70635565165873 49.82581505178414
37.338126792889774 50.60029676003164
38.02586916882437 51.325667680759125
38.76510543630415 51.999224449428944
39.55135825217075 52.61826370150343
40.38015027326584 53.18008207244492
41.24700415643103 53.68197619771577
42.14744255850799 54.12124271277831
43.07698813633833 54.49517825309489
44.03116354676372 54.801079454127844
44.9935058855804 55.03381196026425
45.983344739335756 55.196446294808425
46.972177661481254 55.282383231063804
47.97998832704154 55.29106871036235
48.96552028437772 55.22103523315311
49.96139893027812 55.06853897459658
50.926670483136185 54.83825047359638
51.8768429503565 54.51679863973451
52.78021834654425 54.0704685406549
53.60859048552136 53.51920182207778
54.37340370501291 52.868732091653825
55.059335288384545 52.14437718347907
55.67600127002812 51.34745586097718
56.20203205859375 50.519993406249995
56.66380808345197 49.630083740675005
57.047615454377066 48.70298129926324
57.34976386104238 47.74965038861737
57.566562993121266 46.78105531534004
57.6971429632267 45.77408070468351
57.72823278216942 44.77465861378789
57.65359479279665 43.77858353488803
57.4634592134925 42.79998801953182
57.14752573302734 41.85433263757542
56.69494527750397 40.95846014953614
56.11318966893292 40.14882501703093
55.45731268980436 39.4055952045659
54.73087637450812 38.70781583979463
53.94788966865113 38.085729593116305
53.11027706057203 37.5528813507438
52.20688146340883 37.11617349404883
51.256782977736684 36.7974931569075
50.28099448835934 36.60910392583346
49.273453613933086 36.55425642332602
48.28576144754393 36.634149896382674
47.29981057543946 36.84592151782226
46.365575569603976 37.17269605755073
45.466159995212024 37.61246249418856
44.62398594122281 38.15026568515292
43.8482122113031 38.774889855331814
43.13897293024961 39.48518407971375
42.516917441296115 40.261486030944624
41.985193267887425 41.1036556741926
41.5530804165749 42.01357153637865
41.246910747877706 42.95632328602549
41.07374400307317 43.95646280328195
41.0584789914618 44.93795140047179
41.21213726562878 45.93666631369126
41.53311481490266 46.87668437893009
42.01935010160278 47.75954345646624
42.636571743761834 48.543565054968894
43.35820320567204 49.22816620005459
44.1569838530443 49.81596796600652
45.02202673509939 50.32070395605384
45.93230692085286 50.74691895464103
46.828844366877675 51.0795538386721
46.04815625927734 50.44872116723633
45.31436226831818 49.79245963811874
44.64213398993778 49.03508383749723
44.18438971661377 48.16476834823608
44.01297803164768 47.164445854809934
43.96000536627197 46.17544317412329
44.027394437153816 45.175899397322205
44.24331487982178 44.198816856016634
44.63151823741245 43.27947792275672
45.196152482280375 42.46981689400781
45.9375745753175 41.797403002399804
46.81256209814453 41.30493470730973
47.75670217372894 41.00591920373041
48.75459268951416 40.884282556851865
49.755683406717424 40.9324581987502
50.73037280764664 41.13611472850072
51.67070635656798 41.490176838554895
52.5324296875 41.978800736328125
53.308925303656935 42.603428137031756
53.97434082755566 43.35987868911765
54.48426411348284 44.20544140843379
54.839413128599766 45.143180851647784
55.02481705165218 46.1270683440869
55.04977678175271 47.12534097885795
54.93291768930666 48.11827138763482
54.69630606862653 49.0883729807002
54.35813615478146 50.035359789135136
53.90318731499394 50.92683467509722
53.29234949630165 51.707792780601984
52.54374213218751 52.37556978244204
51.70195013435176 52.91409146827904
50.79376537194824 53.33010915487671
49.84280912024427 53.630518429137766
48.86973710642049 53.822331108099775
47.86150501967048 53.91393296322489
46.86351613086128 53.90524270786524
45.87415490840755 53.8011926257854
44.89015461673161 53.6007206714495
43.938862569623225 53.30767134953457
43.016220831633 52.91802896343816
42.147715535094626 52.438857945788826
41.32928807760882 51.86312906164783
40.57971220350623 51.198539657926574
39.90137524347925 50.45952755911666
39.297624779539646 49.66014196884937
38.772304598815225 48.81221732362418
38.322788551872726 47.91344073022276
37.960250660167695 46.98634431371451
37.68381178959798 46.02650849097747
37.4996645 45.042197124999994
37.41400135121012 44.04167407877046
37.431947239875875 43.04805162964681
37.55743709702831 42.054618019790716
37.79196480853224 41.08388648686308
38.12988957866621 40.15721440840143
38.58183480314588 39.25192179835409
39.12345410952405 38.41527707033899
39.755025916647824 37.63522500416352
40.41352868965509 36.900967879540325
41.0951672126789 36.154048328481196
41.765887907356586 35.42775531841881
42.45520551366452 34.68600573107838
43.1287092865756 33.9618480704638
43.81604649360116 33.21930090160734
44.48289850130868 32.49144982532758
45.15859582648544 31.742137529720335
45.82472544727739 30.98712983995945
46.47128824142752 30.23381002287556
47.111049323813475 29.462940474292584
47.73385537019928 28.68181170163284
48.344126379288106 27.87960121927141
48.92533709767426 27.07320861866127
49.4821479594829 26.25195744786507
50.02407153468322 25.394633364055633
50.52395477783418 24.538648713282907
50.99196459934929 23.663188388121746
51.4304598288838 22.756171649319533
51.82247587601018 21.847731930612504
52.180033280425064 20.904681406253623
52.488977877275445 19.958874822628253
52.75577722320104 18.9872368123742
52.9739625692813 18.009322124383186
53.14113651857206 17.024216142844345
53.254653722240484 16.03075288138027
53.31250031727322 15.034671546945534
53.31263612398741 14.029607956113466
53.252671121168554 13.036660311439789
53.12812029465768 12.040738491796953
52.93705410363548 11.066230153365991
52.66814037573242 10.095868224365235
52.322626567905424 9.171435107198027
51.87200318389739 8.266220562772526
51.31634213077641 7.441801364220828
50.618222963238004 6.71909180525012
49.78271576423114 6.199436303098628
48.81385161009597 5.988075858385162
47.83319875005158 6.169287523484888
46.960938052662556 6.670554387360596
46.24098725248584 7.347591566500197
45.62573194760132 8.140360725135498
45.102796409686825 8.993737196525718
44.651587666548785 9.885224423006502
44.258023942175264 10.79895223181957
43.907056763130186 11.74575889900589
43.61806803408302 12.697108200544156
43.39261321129312 13.66653550619737
43.23171740383148 14.665773593959807
43.13874635278416 15.658238179152011
43.10550653209406 16.655106584510378
43.125236014651406 17.65425567295389
43.19073970896019 18.651117179744517
43.294545975795316 19.639157158601694
43.43394253356273 20.642081243383803
43.59875763795717 21.622541142025977
43.78855204414403 22.605918748147428
43.99382393392133 23.58061261456169
44.20321292578125 24.568317167968747
44.407210794832345 25.530591365658637
44.615007240519944 26.510783751917135
44.82593664588143 27.505754558512095
45.03126673694515 28.4743129535532
45.2376146041121 29.447672279543816
45.44620976176576 30.431632253767326
45.65467206222059 31.41496553000127
45.86093641019439 32.38793088930511
46.06848313522732 33.36694532334411
46.27616303268845 34.34658794233474
46.48294082294877 35.321975249802165
46.69068003952695 36.30189768179294
46.89583466880542 37.269628409616665
47.10621853010072 38.262025841396316
47.312723368591904 39.23612561362684
47.52048965549259 40.21617573848517
47.72900134372615 41.19974198080539
47.93484397401799 42.17071806421158
48.14041478948638 43.140411975444344
48.34809566581768 44.120059211843504
48.55732680541631 45.10701916356038
48.76467915720583 46.085116723527534
48.97240292500993 47.06496628242043
49.17708313661494 48.03045914428888
49.386227231889606 49.0170085009961
49.593462875764104 49.99455554043172
49.803042326769365 50.983158504798276
50.00862734991139 51.95291943475925
50.216297285386915 52.932515062270284
50.4239756232922 53.91215032471174
50.62927027040752 54.88054152782492
50.83729512835015 55.861811352884544
51.04634001508781 56.847892735020274
51.25492521812965 57.831805752546906
51.46036573902047 58.800885053878666
51.66862412293911 59.78325643956852
51.86486390646648 60.75841998999499
51.98179409692602 61.746647624383286
52.00787524570378 62.75686191447668
51.9398288526928 63.744046884452025
51.76690761348975 64.73620270886266
51.47978183780002 65.69094808672823
51.06039271356036 66.5984519027649
50.49163420111084 67.42858276617432
49.78243637573445 68.12671068526925
48.929861675032605 68.63111627420233
47.972393950507055 68.91801731110931
46.986995410013726 69.07794134525403
45.98879177553179 69.1262810201607
44.98801519714832 69.045377269907
44.03226319060409 68.79199993583464
43.17438520172119 68.26645594055177
48.249021802654575 64.59208564797156
48.11350943520355 65.57107396970554
47.70677631881982 66.47878279896294
47.060472681237485 67.23116577973498
46.21514011159103 67.77778346633279
45.261604246516875 68.05651226211643
44.263340480148706 68.04357516764976
43.319803899209326 67.73835719297158
42.493764910490974 67.17135516787161
41.87326825949366 66.40659400260543
41.48525030375245 65.483289508913
41.370995357919774 64.4899308799975
41.530303569686446 63.51349648624165
41.96566213135005 62.60787092406087
42.641997780834984 61.866423415316
43.49095358074045 61.35210655600795
44.45271337291467 61.10004860459216
45.45346993451366 61.14259075358795
46.39423746141086 61.4787778555441
47.18676484238578 62.05558511266663
47.80203104575376 62.8594240043528
48.15750268775641 63.7820920125823
