298
255.96152980382024 5.329000080376549
245.9723493672735 5.5214327822607006
235.99747342706706 6.099936199789779
226.02779184231912 7.069057096301811
216.12367018329138 8.425224754303374
206.28219135853735 10.169061007749706
196.51342783821394 12.299962258546113
186.8277566200538 14.817078844327684
177.25923561264148 17.711732029984734
167.80615305134384 20.98414383645987
158.50164238142966 24.62211454296112
149.3331194699964 28.630181808461813
140.33323189434475 32.9940805117891
131.52234405120308 37.70198008487581
122.89931899125276 42.75295740263999
114.46415860131383 48.14757653582096
106.25710119418163 53.85951472816433
98.28671802376192 59.880172643753
90.54326865230203 66.21653726780997
83.05488146562297 72.84580873540997
75.83018982792535 79.75932539684908
68.87782710340974 86.94842560242326
62.21427306920239 94.39532938437075
55.839608599853634 102.09988335186321
49.769566825602666 110.04373976666668
44.0048725874296 118.2274176109218
38.57322319380608 126.61149619139742
33.461706046965496 135.21662197441725
28.69554605613806 144.0019279599299
24.274348184268273 152.9677675620507
20.20397728723565 162.10434655256594
16.498834320665956 171.37904650670293
13.154156518426316 180.80443973607686
10.182303617293837 190.34740920472277
7.579927838805284 200.02173022846696
5.362356263399124 209.76938365268708
3.52699328498313 219.5918579932908
2.0728482286142027 229.49162724893858
1.005078445894178 239.4212240457218
0.31902465818869674 249.40883825963542
0.01661856353731127 259.39382442841514
0.09435385563410818 269.398636433789
0.5534930739935953 279.3877156166543
1.3962908021081237 289.3548254227522
2.6219226937652853 299.2700863440825
4.23350966049009 309.143732113555
6.228192035191459 318.945694054894
8.599891597336157 328.64666447976094
11.356838353085099 338.27488556148984
14.48017908025722 347.7630676965935
17.978446501389115 357.13865455635056
21.8339784650614 366.3547179176985
26.04917894338068 375.4194626632275
30.619762651022754 384.3223398698894
35.531429221200526 393.0359161214766
40.77766659087463 401.5505137053666
46.34080621898174 409.84054225686197
52.23568008394932 417.9282062184091
58.43280859600729 425.7723951876313
64.9364074877787 433.3788895348295
71.72620700146048 440.72368850966785
78.79358889773931 447.79814318109754
86.1299349373018 454.5936046180698
93.71177351526163 461.08919042780184
101.55971730262102 467.30129669357007
109.6349995224271 473.1974177571735
117.92767632489769 478.7707350848426
126.44455771636963 484.0243545284271
135.1430041699726 488.9313518636297
144.04705284060537 493.50418075969446
153.11263692346145 497.71866645607554
162.34737514424938 501.57765252773567
171.7048931382464 505.06192602919396
181.48398903505506 506.54394576253367
190.03109765625 501.9365849609375
192.57304672533277 492.4700603828728
192.4934567593262 482.45987122070414
192.3980811416982 472.4677071735724
192.31097566155347 462.4725047742911
192.2384330220297 452.4629914851822
184.69945039465856 451.56423219018524
174.76927272792767 452.7779907117631
164.78830024449016 453.10278180460216
154.82221611050286 452.3654225952072
145.03392110173917 450.38148854707606
135.63099101611974 446.98777069607377
126.90569069744882 442.1067605758044
119.17102446451413 435.8037113041766
112.65653023179252 428.23942513021456
107.58235779830815 419.63016163864734
103.76845351010935 410.3885885760262
99.23539694443346 401.4916472428441
93.76296968159083 393.13003314131504
87.2383615339883 385.54697819475086
79.53316094398501 379.204581073761
71.48154050498783 373.31501296680136
68.77441134443882 364.94109966510536
78.2972840459347 362.465346098423
88.14211676142972 364.04701576737364
97.33501176825168 367.9416397509873
105.51867564013601 373.64852273955944
112.58808095122504 380.7116898503862
118.42130623435976 388.8121132030487
123.98509965951745 397.10792511608076
130.7582991714168 404.4558168268815
138.76392709245349 410.40543227057674
147.8548284801245 414.5557383442819
157.60668720578215 416.68568867774076
167.5821248804331 416.8999834171832
177.48046058367382 415.47308409343333
187.06882332759167 412.69731981464986
193.5940814691894 406.7478046912104
196.05719166651372 397.0817310265303
199.99292982996633 387.892844044581
205.6129291107245 379.6376686136573
204.55011540531697 375.3438688525058
194.665065455128 373.87361386014675
184.8286883868813 371.9863360596596
175.11388335556026 369.6112935159533
165.57372142240408 366.67091508080813
156.24466637617726 363.07375768180657
147.22568096316238 358.7443554348098
138.63212522811074 353.6229014791148
130.6048603849076 347.68960250504597
123.23444718846682 340.9259725149796
116.65147168889271 333.4037373949913
110.92151777648928 325.21231030654906
106.07689122339713 316.4839577493249
102.08306428029175 307.31027559885115
98.90426326997587 297.83353401375757
96.46621001505855 288.1338757161498
94.69701948650027 278.3017117820679
93.51906818005072 268.37702298505883
92.86384910006457 258.3848486622321
92.67311498404297 248.39970498071008
93.15286445923897 238.41298863887835
94.54783657390627 228.50508330965553
96.8968409194872 218.80135054772208
100.22631304311754 209.36282162502408
104.49912487197669 200.34160718169204
109.6789869360924 191.7886941690743
115.6801677246094 183.78812007141113
117.41186688995363 175.3308147392273
115.11353248701434 165.60507836356666
114.00659360311927 155.66634275148064
113.99846775054934 145.66701095199585
115.02240052377621 135.731414976052
117.01320034061374 125.9284808545485
119.8914608555641 116.35132220900151
126.75160775116088 111.32822111845388
136.69706231117252 112.28249052929877
146.38935738630965 114.73500661828228
155.76852905201915 118.15211927953362
164.8848193393103 122.27826489640509
173.73704341043907 126.93905894340435
182.340273362516 132.0172808808268
190.7417748892694 137.44925596922047
200.2208230450987 136.1199015689385
210.00257765280833 134.0231517812498
219.85363324449588 132.34731151080504
229.76804826229863 131.07731712757936
239.7263488443457 130.20433694647627
249.7101937659681 129.72209901955725
259.72560803127294 129.66466130900386
269.71216477953084 130.0542612042972
279.67665268118685 130.82838208365814
289.6147289919276 131.99618407535414
299.48950937937207 133.5662952224128
309.2787311304808 135.5509029107988
318.98827155482775 137.97316241797807
327.4959631568492 133.44269249573352
336.04750583372174 128.2598523299121
344.8208407604434 123.4832916324176
353.8610206949055 119.20273973349252
363.17913283219895 115.5740898522959
372.78578362229047 112.83449319817825
382.67967476202176 111.41126168308782
391.24133997628275 113.9775688329256
394.33910018410626 123.48699308382304
396.5681632339163 133.2180524635115
397.85668117781734 143.1399360953756
398.12760169669247 153.13080237402397
397.31828157179723 163.0926201106054
395.3488951783181 172.89657545161248
394.731023923874 181.86814806556706
400.9238189297528 189.709663065407
406.31087717797243 198.11655912690986
410.81807957481226 207.04199696966634
414.37984927791734 216.39217428023744
416.9622642066479 226.03505313324933
418.5876754670875 235.91252985615614
419.28838249460983 245.8823883822002
419.2266102684632 255.8820740184776
418.69785711365876 265.8628883404473
417.66211140341693 275.81406901427187
416.0541954728114 285.67922493790564
413.80212488602285 295.4083902192786
410.82428758584246 304.9534339676826
407.0527854247856 314.20766325298695
402.42712499890195 323.0693152573007
396.90950565882775 331.42548179873086
390.5380997097409 339.1171105289823
383.3581523096709 346.0645261341985
375.47505231386424 352.1976350365282
366.98891024953133 357.5122195003629
358.0743704419291 362.004645281675
348.80914234355737 365.75368111110936
339.290244092625 368.831334055493
329.59464047202204 371.3179404689588
319.7974332543613 373.2919846915698
309.9300223993838 374.8358517277363
304.2783930339814 377.4446075458527
310.4482678536475 385.29899091681847
314.8739197974503 394.24120091339955
317.7811171484776 403.8130067786985
319.3692613845445 413.6761298357794
319.8399910774932 423.659462111758
319.83066091186953 433.6574959348125
319.80476230700503 443.65443402157405
319.76375858128074 453.65291607573636
319.7092667901237 463.66814017297384
319.64406383645724 473.6545980012944
319.5732007068396 483.6493023820818
319.52004465639595 493.66570517912515
322.7679938926697 502.86399390411384
331.73723031196744 506.65593170671167
341.45576136316964 504.6961999009729
350.8178408986688 501.1593015133769
360.0197463487685 497.2617910728859
369.0695125187704 493.00130989895536
377.939525113031 488.3914969260296
386.6201843818202 483.4388307531632
395.10179007789714 478.1498845447536
403.3745409808471 472.53132650688246
411.4285344204982 466.5899203645759
419.2389858702081 460.3448226636364
426.79727095231647 453.80467005841854
434.09476528916275 446.97809920327694
441.13609494444984 439.85982247727463
447.8855916578251 432.4858158193696
454.3484079076153 424.85131748355525
460.50434763071826 416.9803663705657
466.3575424910641 408.86711489903473
471.889044620278 400.5364520007531
477.09214947768635 391.99823872647323
481.96024751764344 383.26223492147096
486.4783611345687 374.355621209648
490.6498651868432 365.27117953886926
494.4684767472512 356.0183183701457
497.91516075146006 346.64351909764173
500.9994986026842 337.12010545236507
503.70557787399423 327.49551024670075
506.03196707966777 317.7803709690669
507.9810021332348 307.96526582126523
509.54669844605814 298.0795034700904
510.7262942820398 288.153146439176
511.5215838623047 278.19637829589846
511.9351016555019 268.1983329832939
511.96728761792184 258.202022564888
511.618590468206 248.2027947747875
510.8870310520842 238.22781367862325
509.77107101029884 228.28670098894455
508.2736899937931 218.414204471014
506.39149888482694 208.59521941912172
504.1237399725025 198.84037978765394
501.4839417558809 189.20811312586247
498.465419905712 179.67244300922297
495.07827268051574 170.26726408860313
491.3266644225547 161.00256897739808
487.2149245249801 151.8885374199096
482.7475490839819 142.93553795011707
477.9352352296426 134.16463369484805
472.7904153785849 125.59602567668192
467.31355532563595 117.22901131364631
461.51087053205555 109.07377199876191
455.4037711868115 101.15939017789755
449.0008223033626 93.49446518697032
442.2941277952534 86.07006707751937
435.3073896691208 78.91363192616589
428.0492350034979 72.03382138261385
420.528290876918 65.43929709656723
412.77217238927125 59.15350696511877
404.7521104613135 53.154802330764326
396.5253076758134 47.487286249730424
388.07181556153296 42.13734829807281
379.42134463449986 37.12527755362734
370.583911828541 32.4571948260006
361.5583373506392 28.13406602919544
352.3875975480378 24.176890961766244
343.05963120367784 20.580506538721995
333.5839228453263 17.350541867330232
323.9936469888618 14.499082036808801
314.31122623777287 12.031600754373114
304.5350024424377 9.946775770990179
294.68720773890215 8.248705193253322
284.76529414446276 6.936543371126056
274.80398600709304 6.013926564835245
264.8259719393836 5.479928815330033
