142
328.7167341804458 264.5310778689494
333.549336907126 255.7828345717359
337.807034389697 246.75120209780147
341.5223406841233 237.46002203063108
344.69346762210125 227.97843962718545
347.326321314089 218.32839493668635
349.40860444214195 208.5620586232375
350.9320851290822 198.66837369085846
351.8651970858574 188.7129447644949
351.96149161219597 178.72604531168935
351.02600886225696 168.76943695139883
349.1249236431974 158.9530156565043
346.3281210346222 149.3625799884796
342.69665408539777 140.05036590409276
338.267740407342 131.08072213770444
332.97206663575776 122.59929026189445
326.86829200564694 114.68996277068929
320.07115652496736 107.36918007106708
312.70573255930987 100.59379077682038
304.93295111927625 94.30716366432839
296.8656475603283 88.38667254182695
288.6368551361007 82.71592047609806
280.3299001941569 77.13784439923985
272.06039009078967 71.50972115131094
263.9470673828125 65.66818652343748
256.13101664733887 59.43731434631346
248.7959837472751 52.64973751687676
242.16103416438776 45.17129786127431
236.17213015189395 37.167327788036296
230.45040631881358 28.963427141696197
225.6535 20.206499999999984
222.96767214965823 10.608372756957994
216.91871959394217 2.8529265731274926
207.49161421221496 0.0015270638167708128
198.20623149234058 3.248194015603498
192.5936559753418 11.326493974685652
191.912 21.263390482734643
191.91199999999998 31.267061915570622
191.912 41.26549797821043
191.912 51.2639945583889
191.912 61.259243707974186
191.912 71.25392423004722
191.912 81.26353844527092
191.912 91.25954298655405
191.912 101.2669705414872
191.912 111.26305526411042
191.912 121.27050127145436
191.912 131.26440343206815
191.912 141.25415579535672
191.91200000000003 151.26900834280366
191.912 161.26371904578664
191.91200000000003 171.25945296009584
191.912 181.26381279375883
191.91200000000003 191.25600188720222
191.91200000000003 201.2617438579928
191.912 211.26059826958178
191.91200000000003 221.2583408106339
191.91199999999998 231.26637580060947
191.912 241.26907527223761
191.912 251.25584766398367
191.912 261.26952093024033
191.912 271.2599174757455
191.91199999999998 281.26028434503075
191.912 291.2685242300033
191.754733001709 300.98789366531366
182.9199889625907 296.32635175985837
173.60804111224417 292.6779234944209
163.97340611451867 290.069171741493
154.08524250763656 288.4959545567408
144.11056965150686 287.96320075265777
134.13094635377163 288.4389706603406
124.24719985642284 289.91970066466547
114.55705264533312 292.4265372337587
105.2215261764346 295.95959622585315
96.33714976736566 300.54139582884994
88.08062653539983 306.1702860204964
80.64110055601678 312.8410164004347
74.24527948942315 320.5276145691047
69.17314100043755 329.13090597141115
65.6943805642128 338.49476007866855
64.03940305498394 348.32951659002487
64.3038291514283 358.3219883180656
66.4747269270597 368.06052886058063
70.41445342591312 377.23410207161163
75.87720392517095 385.5999020143873
82.57304442254176 393.0030480431388
90.26740324951989 399.4000447099325
98.69904904606659 404.7346634935694
107.73234105372441 409.03479162990504
117.18800866552442 412.2899659572281
126.9319753402965 414.5117130042608
136.85028781985213 415.71578817367504
146.83858136684913 415.9207387949195
156.80244215536501 415.1324608477948
166.63974685813022 413.3319944498534
176.22908272659512 410.5054558793849
185.44653761085414 406.64188539458553
194.147055960938 401.7352274678112
202.17180913232863 395.7772968668345
209.3109196114953 388.78375610090734
215.32279938894044 380.79634191768565
219.92366085586792 371.9350799317532
222.8504225048423 362.3912564910352
223.9095617336192 352.46665486641285
223.912 342.4582404022217
223.912 332.46677721922237
223.91200000000003 322.4636262399219
223.912 312.4690067868791
223.912 302.47512494850156
223.912 292.47382093006325
223.91199999999998 282.46906036253523
223.912 272.46623103675245
223.912 262.4704250834323
223.912 252.46999392285522
223.91199999999998 242.46614605056865
223.912 232.46701387016844
223.912 222.46704996813037
223.91200000000003 212.46760025972495
223.912 202.4658561232684
223.912 192.46057126174725
223.912 182.47024220125746
223.912 172.46557536796848
226.7035799422958 166.57157734557794
235.80548065376283 170.71381069183346
244.55437489965828 175.54692381993607
252.89721728796883 181.06775992073113
260.7388159806729 187.2510907335281
268.0218667974174 194.09287425768372
274.672135092162 201.56511151404044
280.6098097285666 209.60425393585857
285.7943094224886 218.15901764802982
290.1853715889586 227.13418006965352
293.7836176041624 236.45888847794544
296.6066663974901 246.0639890298303
296.30699816894537 255.35411999511714
290.3952510875166 263.41499848935007
287.9370247228146 272.93513610529897
291.5265896833241 282.08332407346364
299.7864222556651 287.4390363515913
309.6165216313899 286.90132975044844
317.375742957592 280.809237103939
323.3222672819496 272.7846856424212
