217
511.9930272879608 97.25105846786492
502.75741878509524 101.04405213737488
493.3322350463867 104.40593272399904
483.7634303677827 107.32459130975977
474.0769178620484 109.7997445047605
464.29933642578123 111.83374475097658
454.42703364026545 113.43587873503567
457.47073346704985 109.99793669400738
465.41783090215915 103.93526521643996
472.7501051746802 97.15613320194885
479.4129395213621 89.7019449815522
485.3307651577219 81.64535460695998
490.4480647313455 73.05119997266075
494.70902135086055 64.00479334831239
496.609256724352 56.45134840808112
487.86506576323325 61.305377837551305
478.8964360302686 65.72348464831711
469.71531856620317 69.7041424599588
460.36654593514834 73.23429337570865
450.8470810896158 76.3220497711003
441.20374451914245 78.9597566853366
431.4506334143132 81.15292187875137
424.18961541625106 74.47079735193775
416.4061065249374 68.21010309319227
408.0641219398305 62.71123241361603
399.232669921875 58.022147460937504
390.001547148413 54.1937418902549
380.4334140763981 51.25698165262258
370.6522294986332 49.25103675547661
360.69967879707366 48.18414535656944
350.71344142361846 48.06569122581527
340.7601635380599 48.885967569351486
330.9172971460801 50.65101074568974
321.2856587419063 53.352775390993806
311.96446546845584 56.965016714327795
303.03210954094493 61.454415937705434
294.5657129303217 66.7786788354814
286.65512209969546 72.87464785241947
279.35430819694204 79.69474503106933
272.7178476385325 87.19078489877657
266.8334867565005 95.2644982183192
261.74278316402433 103.85708838105202
257.48614172846146 112.91100897820837
254.1204455757581 122.31210077072512
251.663280537077 132.01878471999228
250.1480392897336 141.8919189194557
249.57386516275602 151.87103157754902
249.8572237637639 161.85872114080192
250.9964018002525 171.79574695318195
247.2484666402492 176.65857906587624
237.27142375707624 175.84608923769
227.3287956762941 174.69994447122806
217.4586752927262 173.2245587587225
207.60640940491106 171.41007943242047
197.84099846889916 169.2673927790849
188.15426599065896 166.79516376444965
178.5683007530542 163.99931993727296
169.06114239561566 160.87276018040814
159.6696448646113 157.42670861194287
150.41501643917707 153.67031692611428
141.27636463181295 149.59542383055367
132.2888470713815 145.2177790321691
123.44600238841775 140.53490614466767
114.76842277151064 135.55810928575602
106.26301233327294 130.29233778480165
97.94910501668693 124.75114528365715
89.8207386359717 118.93184383290148
81.8849579156111 112.83952048414568
74.16030117030334 106.48904352515211
66.65293281684238 99.88673212794808
59.36901727202222 93.03890546456087
52.3147189526368 85.95188270701777
45.4962022754801 78.63198302734607
38.92932194120469 71.09702329211882
33.311190092768484 71.40164179299775
29.111302916258545 80.46658164393905
25.766118405383047 89.88791449026766
23.32940671849248 99.5735006914139
21.829914062499967 109.45303125000001
21.282664758683612 119.44116965239311
21.686401858796334 129.4404945607516
23.03794668579098 139.33338255310062
25.332989729580433 149.06420060716525
28.54494178511944 158.5210272867717
32.64898791478105 167.64088600556232
37.60411626836002 176.33658125437194
43.34374028605964 184.5038251722567
49.83579604029745 192.10233568487087
57.026077857402235 199.05978276496774
64.83592933988568 205.29149120640758
61.64838500389453 207.09713353183867
51.749473489407414 205.74328282753754
42.025264888327534 203.4193964364268
32.56635588112842 200.18115077472854
23.45219229396057 196.06966642036664
20.620375367317724 201.12377618966377
21.605917107766924 211.07644251846105
23.534294613906617 220.88821817165288
26.39101123054561 230.46480852871736
30.15292968007966 239.72930732530494
34.77913296254622 248.58954602792937
40.2251240952042 256.97186428288074
46.43932717413924 264.80464734871236
53.363919608447674 272.01921929768844
60.92210089690747 278.54007422525484
69.07243701091406 284.3297199625671
77.73118532362577 289.3217215382755
86.84077871820094 293.474435372584
96.27693248298715 296.7274519734965
103.1674274139404 299.156355545044
93.35695825853941 301.10232708892227
83.41261385288459 302.0745709503032
73.41037617227431 302.19862534940245
63.45410861515996 301.51162715244294
58.377243417914926 303.89278436861935
62.25254939228008 313.1111474373432
66.97878053589116 321.9255777752232
72.50361086275257 330.2500685778174
78.78477160142126 338.0276086006519
85.76761629769203 345.18948163497447
93.38026980094207 351.6608107981652
101.56991426052284 357.39255875472327
110.25596761908518 362.32188107736965
119.3822028419971 366.4087636461258
128.8473588314056 369.60137764739994
138.59295958614112 371.8757692714688
148.49721341388434 373.2048881712612
152.7107164916656 375.5339528238685
144.60013225214414 381.3822581426245
136.22538008588174 386.8364512223103
127.58844791769978 391.8950393282473
118.73461090259482 396.5317210281384
109.66573816218968 400.7461680624746
100.41350330300253 404.5234749168759
90.978271212507 407.86253793771516
81.40832274908196 410.745927675908
71.72039912914852 413.17018627470964
61.91355809795712 415.13531512326466
52.020071516036936 416.6341318771839
42.07275875830645 417.6630421048701
32.08692579618324 418.222751972212
22.08269514647121 418.3194397473037
12.098079244848288 417.9936888733097
2.1287234039306107 417.1535441131592
6.64676219604707 421.0588656955879
15.276742131710016 426.1082059929371
24.08376675819428 430.8680732364119
33.02546590167281 435.3153922892511
42.1316743591352 439.4645632168749
51.36831100859313 443.29880766749466
60.738125676223184 446.818921666921
70.2053083465331 450.01201363733975
79.78219718717648 452.88315045128047
89.45211859116424 455.427496287772
99.19798755096365 457.6416343898191
109.02304234075547 459.52721259617806
118.89979446063644 461.08026085255676
128.82113466551328 462.3019053307637
138.78015549868346 463.1934208070338
148.77014830980545 463.7562277022521
158.76287879937888 463.99173096778986
168.75737961376643 463.9138930257177
178.7546701304623 463.543057289865
188.7401166445458 462.8725217098219
198.68869406974662 461.89689530531854
208.60900120826065 460.6083698673174
218.47627593418528 459.0032984636697
228.28250174159876 457.07703293905615
238.0348818968761 454.82150632195027
247.69403082043542 452.2400962426047
257.25243217253615 449.33084995076456
266.7168381075753 446.08702002894574
276.0503508957669 442.51749964384
285.2597942663431 438.6168845152259
294.3237589805427 434.39152774550286
303.2351266959906 429.84298926454784
311.9739988159146 424.9806165806884
320.5217980609683 419.81578394923605
328.897180819185 414.33739528436394
337.0694552671474 408.5657144596529
345.0219941371649 402.51548858719246
352.76130292774445 396.1847717679806
360.27138801781814 389.58961908962544
367.5579105722441 382.7279986786582
374.59580060811084 375.6273864130125
381.38167364023883 368.29703694486165
387.9300255327374 360.7249668963775
394.217960132115 352.94118808706264
400.2338304018208 344.96680923555334
405.99087087796454 336.7897212243708
411.47699098823176 328.43116670108384
416.69561524901746 319.88976488480967
421.6288050828838 311.1996828374481
426.28033312571347 302.3601204337309
430.6580870874994 293.357445784662
434.745241427755 284.22704642827
438.5380944683377 274.98045736904896
442.03743102387057 265.6167284376284
445.24232211878405 256.1347807797915
448.1390953599946 246.57207523072964
450.7303876755543 236.91534446599348
453.0097422780998 227.1771035541875
454.97063299520795 217.37028578244508
456.60646371171117 207.5082482589841
457.9120447621621 197.5918783678961
458.87928702952826 187.63552082119313
459.5000029061232 177.65407410485204
459.76590540144997 167.66299944151265
459.6429594974518 157.66383802032473
462.689936409112 149.35233136348427
470.57303189769436 143.19928043695725
478.14219148494675 136.65881910659374
485.36872822078084 129.76542138460093
492.26641232141435 122.51760721190831
498.81101136779785 114.95448956298829
504.9945244747973 107.10501505571418
510.8219985256195 98.98473705291748
